1 4
17 4
28 4
54 4
55 4
61 4
64 4
90 4
95 4
137 4
159 4
167 4
170 4
184 4
188 4
206 4
240 4
279 4
282 4
292 4
320 4
325 4
334 4
336 4
338 4
348 4
366 4
376 4
377 4
378 4
391 4
431 4
440 4
445 4
462 4
482 4
523 4
524 4
525 4
538 4
575 4
583 4
586 4
633 4
656 4
668 4
725 4
734 4
747 4
750 4
783 4
787 4
794 4
805 4
826 4
835 4
847 4
854 4
879 4
60 6
63 6
94 6
136 6
158 6
169 6
205 6
291 6
335 6
376 6
439 6
523 6
582 6
632 6
724 6
793 6
825 6
834 6
846 6
853 6
168 8
334 8
438 8
522 8
631 8
824 8
833 8
852 8
437 10
436 12