818
264 498
23 109
360 141
90 714
734 431
537 743
1 81
68 265
4 470
539 325
103 51
576 232
420 684
451 429
13 130
237 43
636 782
146 41
412 798
378 13
372 161
389 566
653 101
15 177
557 750
29 377
712 639
761 203
1 17
593 342
18 55
32 72
132 367
390 176
294 43
749 297
119 99
258 558
266 472
342 107
97 14
227 8
533 505
304 471
64 324
164 145
141 513
99 266
232 291
400 723
352 613
204 310
24 60
151 90
411 71
320 422
17 629
478 359
473 120
172 34
363 73
70 63
442 98
231 434
234 633
57 683
210 43
62 13
134 70
370 218
174 524
627 583
95 739
36 376
591 589
67 261
761 773
717 88
429 175
354 556
779 657
68 37
11 2
577 30
191 236
402 342
606 451
450 731
132 188
727 16
214 544
112 329
354 480
531 35
112 55
192 487
715 104
697 357
2 464
77 85
356 647
692 583
397 446
9 23
45 432
242 622
25 326
435 108
11 31
277 51
706 221
741 148
4 77
400 645
247 142
781 488
736 188
95 63
242 57
86 16
572 390
357 790
216 78
664 529
274 264
25 786
166 436
397 557
652 794
208 58
293 374
228 202
187 346
84 65
110 50
14 10
152 351
23 76
161 492
381 733
500 382
591 689
226 222
37 14
783 731
114 292
454 185
44 47
792 590
654 582
24 56
355 298
244 293
381 206
562 486
116 49
47 89
127 121
611 178
527 68
10 28
13 9
269 396
448 125
392 155
325 282
601 754
676 190
196 129
322 510
258 234
159 290
368 720
136 687
295 109
442 505
204 719
211 175
16 352
135 41
351 634
35 15
808 568
106 51
762 135
482 379
209 85
2 19
148 104
439 694
22 658
564 75
603 666
465 351
199 83
407 188
239 2
504 139
147 131
99 443
740 495
156 341
218 146
227 675
604 600
11 409
219 671
195 259
293 679
83 12
458 420
646 672
138 150
7 796
391 17
440 488
123 509
69 39
326 590
532 601
730 91
463 581
491 358
209 345
15 48
737 120
1 117
772 49
362 28
59 162
777 251
431 64
52 18
330 277
248 135
54 91
51 307
501 271
518 341
655 565
171 410
502 417
143 142
231 99
229 38
467 180
644 609
102 140
220 327
759 468
718 416
222 573
96 86
115 256
718 809
378 440
454 568
128 136
187 244
194 630
775 564
299 674
16 153
254 62
422 521
550 505
270 538
279 191
667 184
368 398
654 745
137 158
257 238
387 652
113 51
817 437
560 300
382 280
162 726
396 529
332 427
811 481
190 379
349 452
354 701
220 99
401 678
703 144
724 22
4 9
12 600
322 127
142 75
668 546
651 486
342 483
497 183
84 340
161 394
649 255
648 323
102 359
738 240
657 584
59 102
787 330
115 78
682 134
117 503
252 395
542 623
158 757
321 107
37 39
249 82
230 328
619 355
152 97
48 525
417 85
359 361
778 35
287 805
403 224
20 3
344 548
30 477
223 115
25 38
344 164
63 729
589 32
632 103
512 384
32 262
246 64
120 161
696 69
463 49
511 401
428 386
195 186
287 691
53 343
3 599
22 40
626 281
101 698
45 20
610 512
22 5
41 21
574 118
139 155
6 16
608 454
51 184
438 160
40 389
17 99
302 26
380 106
663 124
331 319
9 66
321 337
140 357
759 810
173 61
559 541
313 143
80 384
735 448
766 112
535 190
700 434
255 284
271 461
167 90
164 205
816 296
42 334
529 598
99 474
271 259
532 582
618 503
93 4
283 126
747 636
818 560
800 459
375 373
12 9
228 506
51 26
62 190
90 725
348 233
79 459
86 540
182 532
203 10
170 85
751 475
366 20
85 202
320 188
177 595
102 767
68 176
118 22
1 30
120 206
27 1
114 61
645 776
496 240
543 155
273 50
309 201
43 297
47 192
62 79
263 31
708 83
111 95
463 495
640 154
126 16
191 3
87 32
32 64
269 14
711 475
481 167
112 122
326 621
797 219
141 681
89 771
529 636
24 286
609 138
76 187
5 421
23 75
142 156
43 65
523 458
534 75
239 400
445 157
191 555
38 806
680 84
531 643
100 96
124 457
308 92
246 514
468 294
807 777
251 30
42 5
639 352
163 114
144 296
3 67
110 215
520 472
456 214
364 280
243 404
389 732
338 74
34 44
115 625
542 267
124 159
620 812
94 129
73 272
225 32
166 304
546 304
72 596
769 61
281 2
242 268
406 267
135 588
41 278
494 110
353 333
462 49
4 7
256 486
4 3
405 59
399 18
497 541
774 567
351 369
28 128
545 469
760 217
155 686
5 182
288 270
235 155
17 721
22 24
386 284
417 659
43 194
397 227
279 301
333 199
785 393
88 120
157 155
433 301
37 105
475 258
453 444
607 110
204 253
559 755
641 316
262 522
133 110
746 388
414 616
2 1
570 281
23 57
168 3
436 493
478 575
282 579
391 693
193 365
479 131
67 78
118 139
185 234
367 603
24 71
485 21
212 20
86 108
180 83
124 37
173 439
633 702
267 56
662 231
5 425
489 101
793 641
123 85
166 171
601 780
628 224
27 49
412 24
74 14
748 804
186 56
51 221
351 770
354 80
25 8
28 33
4 107
371 72
393 37
486 788
322 413
528 362
789 87
3 6
183 72
240 44
59 553
554 44
408 353
264 742
40 80
356 69
456 815
298 43
336 297
256 583
669 312
136 368
171 614
169 136
53 4
585 447
387 156
192 803
149 143
605 328
133 646
690 744
298 415
233 69
70 204
63 1
55 138
476 22
592 255
660 448
135 213
122 289
86 449
109 469
204 270
10 587
430 50
537 584
799 294
308 620
214 565
83 388
11 101
332 107
299 296
10 311
13 15
230 167
219 3
114 165
46 94
531 549
224 36
668 814
480 552
567 346
208 245
515 140
150 350
276 211
508 315
15 58
67 665
342 499
8 5
615 370
638 530
316 318
222 95
1 54
3 1
280 722
92 33
579 756
132 51
661 393
358 123
99 537
104 27
22 98
332 441
705 351
160 59
586 55
517 442
602 95
193 168
303 249
189 128
642 283
280 17
97 580
569 24
319 373
319 129
466 218
145 37
431 455
18 9
254 519
316 154
18 29
688 638
389 561
563 11
130 312
252 34
750 764
399 516
801 349
217 77
32 29
508 670
211 656
121 141
57 178
497 617
765 64
43 9
88 137
141 323
685 307
440 753
802 241
59 88
238 191
159 250
25 50
490 220
63 131
471 612
616 713
10 7
551 163
594 49
99 305
530 113
89 264
182 241
271 578
10 21
383 290
444 349
752 36
2 46
175 95
690 582
282 13
335 316
201 426
29 635
207 243
579 695
130 174
317 32
109 424
197 112
349 2
187 716
255 28
147 624
484 436
56 181
5 3
555 631
14 597
207 107
232 217
385 378
507 54
234 728
53 73
61 33
704 46
125 17
169 526
460 251
707 595
31 121
710 458
166 107
300 82
763 595
177 314
748 638
154 285
677 595
367 418
275 126
91 185
181 200
34 18
347 105
165 198
423 140
637 226
214 117
515 650
547 154
361 420
36 27
153 437
65 419
164 401
553 571
201 122
90 5
279 287
447 221
43 179
339 58
